          Q2           xp         beta           mx   iData         Data      ErrData       Theory       ErrTot  ErrTheoFunc        Ratio 
        15.3         0.05       0.0056      52.1233       0     0.054145   0.00811453    0.0517678   0.00811453            0      1.04592 
        15.3        0.075       0.0056      52.1233       1     0.065416    0.0134549    0.0612992    0.0134549            0      1.06716 
        15.3        0.016       0.0178       29.056       2     0.038896   0.00488992    0.0365469   0.00488992            0      1.06428 
        15.3        0.025       0.0178       29.056       3     0.036244   0.00430694    0.0377422   0.00430694            0     0.960304 
        15.3        0.035       0.0178       29.056       4     0.036465     0.004779    0.0392636     0.004779            0     0.928722 
        15.3         0.05       0.0178       29.056       5     0.038896   0.00488311     0.042731   0.00488311            0     0.910253 
        15.3        0.075       0.0178       29.056       6     0.046631   0.00708055    0.0507415   0.00708055            0     0.918992 
        15.3         0.09       0.0178       29.056       7     0.051714     0.010362    0.0564404     0.010362            0     0.916259 
        15.3       0.0085       0.0562      16.0294       8     0.029614   0.00462396    0.0293594   0.00462396            0      1.00867 
        15.3        0.016       0.0562      16.0294       9     0.026962   0.00309171    0.0280607   0.00309171            0     0.960845 
        15.3        0.025       0.0562      16.0294      10     0.024973   0.00287819    0.0282324   0.00287819            0     0.884551 
        15.3        0.035       0.0562      16.0294      11     0.026741   0.00376925    0.0295641   0.00376925            0      0.90451 
        15.3         0.05       0.0562      16.0294      12      0.03094   0.00415461    0.0328249   0.00415461            0     0.942577 
        15.3        0.075       0.0562      16.0294      13     0.038454   0.00614687    0.0402349   0.00614687            0     0.955737 
        15.3         0.09       0.0562      16.0294      14     0.035802   0.00746547     0.045444   0.00746547            0     0.787826 
        15.3       0.0025        0.178      8.40566      15     0.030056   0.00319415    0.0295481   0.00319415            0      1.01719 
        15.3       0.0085        0.178      8.40566      16     0.024531   0.00260699    0.0245746   0.00260699            0     0.998224 
        15.3        0.016        0.178      8.40566      17     0.021658   0.00249406    0.0230092   0.00249406            0     0.941274 
        15.3        0.025        0.178      8.40566      18     0.021437   0.00308417    0.0228747   0.00308417            0     0.937149 
        15.3        0.035        0.178      8.40566      19     0.025857     0.010347    0.0236803     0.010347            0      1.09192 
        15.3         0.05        0.178      8.40566      20     0.029614    0.0102513    0.0258922    0.0102513            0      1.14374 
        15.3       0.0009        0.562      3.45314      21      0.03978   0.00757963    0.0483889   0.00757963            0     0.822089 
        15.3       0.0025        0.562      3.45314      22     0.038233   0.00458334    0.0401393   0.00458334            0     0.952507 
        15.3       0.0085        0.562      3.45314      23     0.035802   0.00407577    0.0322861   0.00407577            0       1.1089 
        15.3        0.016        0.562      3.45314      24     0.033371    0.0128481     0.029294    0.0128481            0      1.13918 
        15.3        0.035        0.562      3.45314      25     0.020774     0.010735    0.0272856     0.010735            0     0.761355 
        26.5        0.075       0.0056      68.5977      26     0.079339    0.0247778    0.0695624    0.0247778            0      1.14054 
        26.5        0.025       0.0178      38.2396      27     0.039559   0.00658084    0.0437903   0.00658084            0     0.903374 
        26.5        0.035       0.0178      38.2396      28     0.044642    0.0077914    0.0464211    0.0077914            0     0.961675 
        26.5         0.05       0.0178      38.2396      29      0.05525   0.00814596    0.0502846   0.00814596            0      1.09875 
        26.5        0.075       0.0178      38.2396      30     0.055029    0.0113724    0.0585469    0.0113724            0     0.939913 
        26.5       0.0085       0.0562      21.0957      31     0.034697   0.00653788    0.0338193   0.00653788            0      1.02595 
        26.5        0.016       0.0562      21.0957      32      0.03315   0.00408189    0.0331967   0.00408189            0     0.998592 
        26.5        0.025       0.0562      21.0957      33     0.029614   0.00370329     0.033214   0.00370329            0     0.891611 
        26.5        0.035       0.0562      21.0957      34     0.034697   0.00536178    0.0343833   0.00536178            0      1.00912 
        26.5         0.05       0.0562      21.0957      35     0.040664   0.00581978    0.0375048   0.00581978            0      1.08423 
        26.5        0.075       0.0562      21.0957      36     0.046631   0.00723472    0.0448539   0.00723472            0      1.03962 
        26.5         0.09       0.0562      21.0957      37     0.052377    0.0105271    0.0500848    0.0105271            0      1.04577 
        26.5       0.0025        0.178      11.0624      38     0.030498   0.00399163    0.0324643   0.00399163            0     0.939432 
        26.5       0.0085        0.178      11.0624      39     0.027846   0.00353567    0.0279589   0.00353567            0     0.995964 
        26.5        0.016        0.178      11.0624      40     0.024973   0.00336228    0.0260642   0.00336228            0     0.958134 
        26.5        0.025        0.178      11.0624      41     0.020553   0.00294525     0.025701   0.00294525            0     0.799696 
        26.5        0.035        0.178      11.0624      42       0.0221   0.00447234    0.0263455   0.00447234            0     0.838852 
        26.5         0.05        0.178      11.0624      43     0.023205    0.0120568    0.0283991    0.0120568            0     0.817104 
        26.5        0.075        0.178      11.0624      44     0.037349    0.0284064     0.033443    0.0284064            0       1.1168 
        26.5       0.0009        0.562      4.54456      45     0.053261    0.0229803    0.0485475    0.0229803            0      1.09709 
        26.5       0.0025        0.562      4.54456      46     0.041769   0.00753627    0.0405053   0.00753627            0       1.0312 
        26.5       0.0085        0.562      4.54456      47      0.03094   0.00390641    0.0325801   0.00390641            0      0.94966 
        26.5        0.025        0.562      4.54456      48     0.030056    0.0181922    0.0280205    0.0181922            0      1.07265 
          46         0.05       0.0178      50.3812      49     0.069173    0.0131403    0.0565411    0.0131403            0      1.22341 
          46        0.075       0.0178      50.3812      50     0.048178    0.0166424    0.0659582    0.0166424            0     0.730432 
          46        0.016       0.0562       27.794      51     0.036023   0.00654281    0.0372548   0.00654281            0     0.966936 
          46        0.025       0.0562       27.794      52     0.038012   0.00665438      0.03777   0.00665438            0      1.00641 
          46        0.035       0.0562       27.794      53     0.034918   0.00590858    0.0389566   0.00590858            0      0.89633 
          46         0.05       0.0562       27.794      54     0.043979   0.00721376    0.0420317   0.00721376            0      1.04633 
          46        0.075       0.0562       27.794      55     0.046852    0.0081196    0.0493858    0.0081196            0     0.948693 
          46         0.09       0.0562       27.794      56     0.059007    0.0103727    0.0546657    0.0103727            0      1.07942 
          46       0.0085        0.178      14.5749      57     0.026741   0.00407298    0.0308801   0.00407298            0     0.865963 
          46        0.016        0.178      14.5749      58     0.029393   0.00405964    0.0288132   0.00405964            0      1.02012 
          46        0.025        0.178      14.5749      59     0.029835   0.00514288    0.0282666   0.00514288            0      1.05549 
          46        0.035        0.178      14.5749      60     0.028509    0.0045173    0.0287745    0.0045173            0     0.990773 
          46         0.05        0.178      14.5749      61     0.032708   0.00538064    0.0306933   0.00538064            0      1.06564 
          46        0.075        0.178      14.5749      62     0.044421   0.00927176    0.0356002   0.00927176            0      1.24777 
          46         0.09        0.178      14.5749      63     0.039117    0.0108588    0.0391762    0.0108588            0     0.998489 
          46       0.0025        0.562      5.98753      64     0.043316   0.00618707    0.0404815   0.00618707            0      1.07002 
          46       0.0085        0.562      5.98753      65     0.029835   0.00417978    0.0326022   0.00417978            0     0.915123 
          46        0.016        0.562      5.98753      66     0.027404    0.0041772    0.0295291    0.0041772            0     0.928033 
          46        0.025        0.562      5.98753      67     0.023426   0.00586235    0.0279843   0.00586235            0     0.837111 
          46        0.035        0.562      5.98753      68     0.029835   0.00835849    0.0273269   0.00835849            0      1.09178 
          46         0.05        0.562      5.98753      69      0.02652    0.0120667    0.0273313    0.0120667            0     0.970316 
          80        0.035       0.0562      36.6536      70     0.050167    0.0173923      0.04283    0.0173923            0      1.17131 
          80         0.05       0.0562      36.6536      71     0.051935    0.0143739    0.0461545    0.0143739            0      1.12524 
          80        0.075       0.0562      36.6536      72     0.047736    0.0206119     0.053648    0.0206119            0       0.8898 
          80       0.0085        0.178      19.2208      73     0.045526    0.0127262    0.0329034    0.0127262            0      1.38363 
          80        0.016        0.178      19.2208      74     0.029393   0.00713548    0.0311618   0.00713548            0     0.943239 
          80        0.025        0.178      19.2208      75     0.032266   0.00729811    0.0305242   0.00729811            0      1.05706 
          80        0.035        0.178      19.2208      76     0.035802   0.00932475    0.0309275   0.00932475            0      1.15761 
          80         0.05        0.178      19.2208      77     0.032266   0.00896821    0.0327299   0.00896821            0     0.985825 
          80        0.075        0.178      19.2208      78     0.040443    0.0188444    0.0375085    0.0188444            0      1.07823 
          80       0.0085        0.562      7.89612      79     0.025636   0.00561639    0.0324009   0.00561639            0     0.791212 
          80        0.016        0.562      7.89612      80      0.01989   0.00540426    0.0293356   0.00540426            0     0.678017 
          80        0.025        0.562      7.89612      81     0.022984   0.00743695    0.0277749   0.00743695            0     0.827509 
          80        0.035        0.562      7.89612      82     0.024089    0.0108888    0.0270882    0.0108888            0     0.889279 
         200         0.05       0.0562      57.9545      83     0.035802    0.0174588    0.0497941    0.0174588            0        0.719 
         200        0.075       0.0562      57.9545      84     0.063648    0.0409655    0.0591971    0.0409655            0      1.07519 
         200        0.016        0.178      30.3907      85     0.032045    0.0116307    0.0330871    0.0116307            0     0.968504 
         200        0.025        0.178      30.3907      86     0.043979    0.0129167    0.0332653    0.0129167            0      1.32207 
         200        0.035        0.178      30.3907      87     0.037349    0.0148262    0.0337635    0.0148262            0       1.1062 
         200         0.05        0.178      30.3907      88     0.051935    0.0188618    0.0355011    0.0188618            0      1.46291 
         200        0.075        0.178      30.3907      89     0.046189    0.0284113    0.0401332    0.0284113            0      1.15089 
         200       0.0085        0.562      12.4849      90     0.024089   0.00869132    0.0316694   0.00869132            0     0.760639 
         200        0.016        0.562      12.4849      91     0.020553   0.00853771    0.0287171   0.00853771            0     0.715705 
         200        0.025        0.562      12.4849      92     0.016354   0.00804992    0.0271691   0.00804992            0     0.601934 
         200        0.035        0.562      12.4849      93     0.034918    0.0205146    0.0264605    0.0205146            0      1.31963 
         200         0.05        0.562      12.4849      94     0.033371    0.0168694    0.0263448    0.0168694            0       1.2667 
         200        0.075        0.562      12.4849      95     0.050388    0.0437681    0.0273983    0.0437681            0      1.83909 
