   1.0000000000000000E-004   131.97514657125956        11.769937325420898     
   1.0974976568535715E-004   130.04095554258350        11.559680050034055     
   1.2045011067990799E-004   128.12939863496126        11.351965773103563     
   1.3219371423895236E-004   126.24022849577372        11.146804899160513     
   1.4508229162802085E-004   124.37331000506656        10.944188838021535     
   1.5922747511269941E-004   122.52834874320854        10.744053462683814     
   1.7475178084289797E-004   120.70516144876936        10.546369259727101     
   1.9178967000606939E-004   118.90359134050861        10.351110814645788     
   2.1048871344038085E-004   117.12342230875133        10.158229211235936     
   2.3101086979494085E-004   115.36449363217187        9.9677205908604662     
   2.5353388830765309E-004   113.62658728014084        9.7795905825590594     
   2.7825284835062439E-004   111.90947209752493        9.5937464954319633     
   3.0538184907764247E-004   110.21302515217563        9.4101798865019610     
   3.3515586380832360E-004   108.53699423320988        9.2289282696838058     
   3.6783277521036992E-004   106.88119399472274        9.0499160758423418     
   4.0369560890732748E-004   105.24549823766503        8.8731096627530857     
   4.4305498485786769E-004   103.62957688143631        8.6984646470608968     
   4.8625180773880389E-004   102.03330740182646        8.5259791532086453     
   5.3366021963415118E-004   100.45656080187703        8.3556521971791113     
   5.8569084060444275E-004   98.899093076595790        8.1874280079016302     
   6.4279432520397521E-004   97.360743112384654        8.0212938854762061     
   7.0546526575013539E-004   95.841219403550554        7.8572349328653761     
   7.7424647615235574E-004   94.340384612285902        7.6952065487291064     
   8.4973369340434423E-004   92.858134589893538        7.5351936432513993     
   9.3258073746079991E-004   91.394195678058850        7.3771707264359456     
   1.0235051741900026E-003   89.948373510225764        7.2211362091824070     
   1.1232945304510357E-003   88.520518795137491        7.0670895542977767     
   1.2328131151264432E-003   87.110395827237070        6.9149352519411966     
   1.3530095051896252E-003   85.717828011774415        6.7646913058362710     
   1.4849247616462223E-003   84.342589625077693        6.6163907888430185     
   1.6297014465105788E-003   82.984496428939025        6.4699169713742535     
   1.7885935189162346E-003   81.643416152319944        6.3252750733519125     
   1.9629771960740536E-003   80.319062391013560        6.1825321884057658     
   2.1543628731482654E-003   79.011254531272968        6.0416044041546710     
   2.3644082052925496E-003   77.719871166877894        5.9024663377400675     
   2.5949324651539317E-003   76.444613611372745        5.7651126415550289     
   2.8479323001997050E-003   75.185309332441250        5.6295338954793079     
   3.1255990263467756E-003   73.941798545077674        5.4957238987197847     
   3.4303376076793906E-003   72.713780878764226        5.3636607091804835     
   3.7647874866448172E-003   71.501100643065556        5.2333401806346886     
   4.1318454451443340E-003   70.303523932286140        5.1047532595685814     
   4.5346906945270089E-003   69.120813453780940        4.9778759976304405     
   4.9768124117990920E-003   67.952832284451475        4.8527080839903602     
   5.4620399605492705E-003   66.799267225175740        4.7292382524338485     
   5.9945760583433984E-003   65.659888955030624        4.6074671427210721     
   6.5790331778623982E-003   64.534533452200009        4.4874013137508353     
   7.2204734970658891E-003   63.422884094544756        4.3690235272925575     
   7.9244527444031262E-003   62.322224259667124        4.2522466499431681     
   8.6970683188292864E-003   61.205381484599634        4.1361779371881688     
   9.5450121014105712E-003   60.334977305542218        4.0296744692074800     
   1.0475628415937088E-002   59.594414605243472        3.9292999395841295     
   1.1496977640559645E-002   58.539012855093098        3.8183121226125025     
   1.2617906021412113E-002   57.497128916495647        3.7090905018652074     
   1.3848122292898366E-002   56.467260549282628        3.6015961273758523     
   1.5198281768277665E-002   55.449053054117805        3.4958360052062654     
   1.6680078628885094E-002   54.442224894985436        3.3918231408968023     
   1.8306347211334725E-002   53.446467497268024        3.2896041234965225     
   2.0091173169987774E-002   52.461430707112704        3.1891837209884639     
   2.2050015477500923E-002   51.486744428005636        3.0905966836531129     
   2.4199840320142225E-002   50.522081275575424        2.9938623814411360     
   2.6559268047586706E-002   49.567070330346446        2.8990325401180952     
   2.9148734449972340E-002   48.621255463709659        2.8060944392459888     
   3.1990667759091623E-002   47.684250106593417        2.7151626215917579     
   3.5109682906784151E-002   46.755614489908417        2.6262332360249072     
   3.8532794723067504E-002   45.834836439035840        2.5393372096108684     
   4.2289651920586251E-002   44.921413869123946        2.4545385991725346     
   4.6412793891996498E-002   44.014830858461622        2.3718662398491288     
   5.0937932544493969E-002   43.114420621679479        2.2913740472100934     
   5.5904261612547357E-002   42.219618465820176        2.2130932900566616     
   6.1354796127899854E-002   41.329630241843319        2.1370237517512192     
   6.7336744987098671E-002   40.443784929315832        2.0632456314971317     
   7.3901919843487207E-002   39.561197608484513        1.9917220939856672     
   8.1107183865207752E-002   38.680879507023612        1.9224721110135532     
   8.9014944246057215E-002   37.801206044278821        1.8554838921561383     
   9.7693692734999199E-002   36.966729133341509        1.7893051230248520     
  0.10721859886603430        36.169560809745384        1.7241758597098038     
  0.11767216102659565        35.284743613368029        1.6634857088030066     
  0.12914492100358502        34.395657333941124        1.6049358446109170     
  0.14173624819597402        33.500388902930268        1.5484613357537242     
  0.15555520028629788        32.596777785193062        1.4939765950075437     
  0.17072146782559977        31.682354961477383        1.4414740709132718     
  0.18736641091319836        30.754246679152498        1.3910030303771379     
  0.20563419695029844        29.809150989462484        1.3427309510808259     
  0.22568304932191838        28.843205051601128        1.2970137401113098     
  0.24768661782237469        27.851908280047994        1.2544983873157396     
  0.27183548269404201        26.830013633499359        1.2162353799753696     
  0.29833880530637102        25.771239748805748        1.1837876794061057     
  0.32742613977223572        24.668253869047426        1.1593874897050511     
  0.35934942119263874        23.512148396314149        1.1459231199637447     
  0.39438514775060818        22.289103430510242        1.1462017551150423     
  0.43283677555414207        21.040399771731867        1.1768331375933265     
  0.47503734697072619        19.652742737206914        1.2193522312257457     
  0.52135237521830902        18.152931109979836        1.2841907521133002     
  0.57218301019713880        16.515426585501590        1.3695277586921961     
  0.62796951298278247        14.706568459675863        1.4687762796926076     
  0.68919506907408223        12.678561637219197        1.5665472422609128     
  0.75638997342384062        10.398897874159962        1.6555305855802320     
  0.83013622350020033        7.7073645053906237        1.6412410580642174     
  0.91107256016074256        4.4351187930901226        1.3835562987341943     
  0.99989999999999957       0.48662438132622277       0.29960802698999822     
